0 74 4110 3048 2267 974 4190 3302 4758 3044 3095 3986 5093 6407 5904 8436
74 0 4070 3000 2214 901 4138 3240 4702 2971 3021 3915 5025 6338 5830 8369
4110 4070 0 1173 1973 3496 892 1816 1417 3674 3778 2997 2877 3905 5057 5442
3048 3000 1173 0 817 2350 1172 996 1797 2649 2756 2317 2721 3974 4548 5802
2267 2214 1973 817 0 1533 1924 1189 2498 2209 2312 2325 3089 4401 4558 6342
974 901 3496 2350 1533 0 3417 2411 3936 2114 2175 3014 4142 5450 4956 7491
4190 4138 892 1172 1924 3417 0 1233 652 3086 3185 2203 1987 3064 4180 4734
3302 3240 1816 996 1189 2411 1233 0 1587 1877 1979 1321 1900 3214 3556 5175
4758 4702 1417 1797 2498 3936 652 1587 0 3286 3374 2178 1576 2491 3884 4088
3044 2971 3674 2649 2209 2114 3086 1877 3286 0 107 1360 2675 3822 2865 5890
3095 3021 3778 2756 2312 2175 3185 1979 3374 107 0 1413 2725 3852 2826 5916
3986 3915 2997 2317 2325 3014 2203 1321 2178 1360 1413 0 1315 2511 2251 4584
5093 5025 2877 2721 3089 4142 1987 1900 1576 2675 2725 1315 0 1323 2331 3350
6407 6338 3905 3974 4401 5450 3064 3214 2491 3822 3852 2511 1323 0 2350 2074
5904 5830 5057 4548 4558 4956 4180 3556 3884 2865 2826 2251 2331 2350 0 3951
8436 8369 5442 5802 6342 7491 4734 5175 4088 5890 5916 4584 3350 2074 3951 0
